# Camera parameter file. 

# The format of each camera is as follows:
# Filename (of the undistorted image in visualize folder)
# Original filename
# Focal Length (of the undistorted image)
# 2-vec Principal Point (image center)
# 3-vec Translation T (as in P = K[R T])
# 3-vec Camera Position C (as in P = K[R -RC])
# 3-vec Axis Angle format of R
# 4-vec Quaternion format of R
# 3x3 Matrix format of R
# [Normalized radial distortion] = [radial distortion] * [focal length]^2
# 3-vec Lat/Lng/Alt from EXIF

# The nubmer of cameras in this reconstruction
4

00000000.jpg
L:\workspaces\CV\CameraPosition\CVdata\sfm_fountain\0005.jpg
2759.08862305
1536 1024
0.117399314611 -0.141716453979 -1.55518889023
0.189971392403 0.145816233928 1.54761992179
0.00271171716738 -0.197173809156 0.00332097647822
0.995141923262 0.00135366225009 -0.0984272052302 0.00165779844081
0.980618649899 -0.00356596378787 -0.195893594591
0.00303301512719 0.999990692241 -0.00302051477128
0.195902558665 0.00236782944872 0.980620447595
-0.000245189644829
0 0 0

00000001.jpg
L:\workspaces\CV\CameraPosition\CVdata\sfm_fountain\0006.jpg
2757.83325195
1536 1024
1.3504594138 -0.103442860207 -1.51361334142
-0.71119432451 0.142242055652 1.89721801869
0.016183369461 -0.369799371344 0.0104337757505
0.982908602334 0.00804553258822 -0.183845082474 0.00518713256972
0.932348324326 -0.0131552159698 -0.361322391712
0.00723869292714 0.999816535534 -0.0177233093002
0.361489260528 0.0139087834651 0.932272422307
0.00029462672611
0 0 0

00000002.jpg
L:\workspaces\CV\CameraPosition\CVdata\sfm_fountain\0004.jpg
2762.97949219
1536 1024
-1.18762207496 -0.153959877519 -1.34601701356
1.18762194305 0.153959966387 1.34601727229
0 0 0
0.999999936196 0 0 0
1.00000019249 -2.81623243302e-009 -7.15183288702e-008
-2.81623243302e-009 0.999999426427 2.06796595126e-009
-7.15183288702e-008 2.06796595126e-009 0.999999870646
-0.000185271175292
0 0 0

00000003.jpg
L:\workspaces\CV\CameraPosition\CVdata\sfm_fountain\0003.jpg
2768.53735352
1536 1024
-2.36437391868 -0.182945104476 -0.884432597135
2.16601328129 0.158637948545 1.29968236661
-0.0394132743006 0.179826598463 -0.00830092774732
0.995757963609 -0.0196787638379 0.0897861247445 -0.00414459340601
0.983842684495 0.0047202584566 0.178973564023
-0.0117877891032 0.999190890151 0.0384463315774
-0.178647430921 -0.0399348116451 0.983102113717
0.000362284713409
0 0 0

