相机内参数矩阵：
[527.9545556430525, 0, 259.8758716853188;
 0, 495.0580354713264, 242.5056358466591;
 0, 0, 1]
畸变系数：
[0.06071492652849679, -0.3459140426377312, -0.007090843298147967, -0.0004223145453939024, 0.607108442174833]
第1幅图像的旋转向量：
[35.19478154437344;
 -45.09819509518015;
 117.5092040185459]
第1幅图像的旋转矩阵：
[0.3624654313824826, 0.7901780890198115, 0.4942038027835379;
 -0.9179260643935739, 0.3944653643587763, 0.04253018490698651;
 -0.1613398628970392, -0.4690582735165186, 0.8683051218817426]
第1幅图像的平移向量：
[0.2899249637663686;
 2.722094309588681;
 0.2194232073355557]
第2幅图像的旋转向量：
[35.19478154437343;
 -45.09819509518013;
 117.5092040185458]
第2幅图像的旋转矩阵：
[0.3624654313824575, 0.7901780890198167, 0.4942038027835474;
 -0.9179260643935843, 0.3944653643587525, 0.0425301849069806;
 -0.1613398628970358, -0.4690582735165292, 0.868305121881737]
第2幅图像的平移向量：
[0.2899249637663684;
 2.722094309588681;
 0.2194232073355556]
第3幅图像的旋转向量：
[35.19478154437343;
 -45.09819509518013;
 117.5092040185459]
第3幅图像的旋转矩阵：
[0.3624654313824575, 0.7901780890198168, 0.4942038027835475;
 -0.9179260643935844, 0.3944653643587525, 0.04253018490698066;
 -0.1613398628970358, -0.4690582735165292, 0.8683051218817373]
第3幅图像的平移向量：
[0.2899249637663684;
 2.722094309588681;
 0.2194232073355555]
第4幅图像的旋转向量：
[35.19478154437343;
 -45.09819509518013;
 117.5092040185458]
第4幅图像的旋转矩阵：
[0.3624654313824575, 0.7901780890198167, 0.4942038027835474;
 -0.9179260643935843, 0.3944653643587525, 0.04253018490698066;
 -0.1613398628970358, -0.4690582735165292, 0.868305121881737]
第4幅图像的平移向量：
[0.2899249637663685;
 2.722094309588681;
 0.2194232073355556]
第5幅图像的旋转向量：
[35.19478154437343;
 -45.09819509518014;
 117.5092040185459]
第5幅图像的旋转矩阵：
[0.3624654313824826, 0.7901780890198112, 0.4942038027835377;
 -0.9179260643935737, 0.3944653643587762, 0.0425301849069866;
 -0.1613398628970391, -0.4690582735165184, 0.8683051218817424]
第5幅图像的平移向量：
[0.2899249637663684;
 2.722094309588681;
 0.2194232073355558]
第6幅图像的旋转向量：
[35.19478154437343;
 -45.09819509518013;
 117.5092040185458]
第6幅图像的旋转矩阵：
[0.3624654313824575, 0.7901780890198167, 0.4942038027835474;
 -0.9179260643935843, 0.3944653643587525, 0.04253018490698066;
 -0.1613398628970358, -0.4690582735165292, 0.868305121881737]
第6幅图像的平移向量：
[0.2899249637663684;
 2.722094309588681;
 0.2194232073355557]
第7幅图像的旋转向量：
[35.19478154437344;
 -45.09819509518015;
 117.5092040185459]
第7幅图像的旋转矩阵：
[0.3624654313824826, 0.7901780890198115, 0.4942038027835379;
 -0.9179260643935739, 0.3944653643587763, 0.04253018490698657;
 -0.1613398628970391, -0.4690582735165185, 0.8683051218817426]
第7幅图像的平移向量：
[0.2899249637663684;
 2.722094309588681;
 0.2194232073355555]
第8幅图像的旋转向量：
[35.19478154437344;
 -45.09819509518015;
 117.5092040185459]
第8幅图像的旋转矩阵：
[0.3624654313824826, 0.7901780890198115, 0.4942038027835379;
 -0.9179260643935739, 0.3944653643587763, 0.04253018490698651;
 -0.1613398628970392, -0.4690582735165186, 0.8683051218817426]
第8幅图像的平移向量：
[0.2899249637663684;
 2.722094309588681;
 0.2194232073355556]
第9幅图像的旋转向量：
[35.19478154437343;
 -45.09819509518012;
 117.5092040185458]
第9幅图像的旋转矩阵：
[0.3624654313824325, 0.7901780890198223, 0.4942038027835571;
 -0.9179260643935948, 0.3944653643587287, 0.04253018490697469;
 -0.1613398628970322, -0.4690582735165401, 0.8683051218817321]
第9幅图像的平移向量：
[0.2899249637663684;
 2.72209430958868;
 0.2194232073355555]
第10幅图像的旋转向量：
[35.19478154437343;
 -45.09819509518013;
 117.5092040185459]
第10幅图像的旋转矩阵：
[0.3624654313824575, 0.7901780890198168, 0.4942038027835475;
 -0.9179260643935844, 0.3944653643587525, 0.04253018490698066;
 -0.1613398628970358, -0.4690582735165292, 0.8683051218817373]
第10幅图像的平移向量：
[0.2899249637663684;
 2.722094309588681;
 0.2194232073355555]
第11幅图像的旋转向量：
[35.19478154437343;
 -45.09819509518013;
 117.5092040185459]
第11幅图像的旋转矩阵：
[0.3624654313824575, 0.7901780890198168, 0.4942038027835475;
 -0.9179260643935844, 0.3944653643587525, 0.04253018490698066;
 -0.1613398628970358, -0.4690582735165292, 0.8683051218817373]
第11幅图像的平移向量：
[0.2899249637663683;
 2.72209430958868;
 0.2194232073355554]
第12幅图像的旋转向量：
[35.19478154437343;
 -45.09819509518014;
 117.5092040185459]
第12幅图像的旋转矩阵：
[0.3624654313824575, 0.7901780890198168, 0.4942038027835475;
 -0.9179260643935844, 0.3944653643587525, 0.04253018490698057;
 -0.1613398628970358, -0.4690582735165292, 0.8683051218817373]
第12幅图像的平移向量：
[0.2899249637663684;
 2.72209430958868;
 0.2194232073355555]
第13幅图像的旋转向量：
[35.19478154437343;
 -45.09819509518014;
 117.5092040185459]
第13幅图像的旋转矩阵：
[0.3624654313824826, 0.7901780890198112, 0.4942038027835377;
 -0.9179260643935737, 0.3944653643587762, 0.0425301849069866;
 -0.1613398628970391, -0.4690582735165184, 0.8683051218817424]
第13幅图像的平移向量：
[0.2899249637663684;
 2.72209430958868;
 0.2194232073355556]
第14幅图像的旋转向量：
[35.19478154437343;
 -45.09819509518014;
 117.5092040185459]
第14幅图像的旋转矩阵：
[0.3624654313824826, 0.7901780890198112, 0.4942038027835377;
 -0.9179260643935737, 0.3944653643587762, 0.0425301849069866;
 -0.1613398628970391, -0.4690582735165184, 0.8683051218817424]
第14幅图像的平移向量：
[0.2899249637663685;
 2.722094309588681;
 0.2194232073355555]
第15幅图像的旋转向量：
[35.19478154437343;
 -45.09819509518014;
 117.5092040185459]
第15幅图像的旋转矩阵：
[0.3624654313824826, 0.7901780890198112, 0.4942038027835377;
 -0.9179260643935737, 0.3944653643587762, 0.0425301849069866;
 -0.1613398628970391, -0.4690582735165184, 0.8683051218817424]
第15幅图像的平移向量：
[0.2899249637663685;
 2.72209430958868;
 0.2194232073355555]
第16幅图像的旋转向量：
[35.19478154437343;
 -45.09819509518014;
 117.5092040185459]
第16幅图像的旋转矩阵：
[0.3624654313824826, 0.7901780890198112, 0.4942038027835377;
 -0.9179260643935737, 0.3944653643587762, 0.0425301849069866;
 -0.1613398628970391, -0.4690582735165184, 0.8683051218817424]
第16幅图像的平移向量：
[0.2899249637663684;
 2.722094309588681;
 0.2194232073355555]
第17幅图像的旋转向量：
[35.19478154437343;
 -45.09819509518013;
 117.5092040185459]
第17幅图像的旋转矩阵：
[0.3624654313824575, 0.7901780890198168, 0.4942038027835475;
 -0.9179260643935844, 0.3944653643587525, 0.04253018490698066;
 -0.1613398628970358, -0.4690582735165292, 0.8683051218817373]
第17幅图像的平移向量：
[0.2899249637663684;
 2.72209430958868;
 0.2194232073355555]
第18幅图像的旋转向量：
[35.19478154437343;
 -45.09819509518013;
 117.5092040185458]
第18幅图像的旋转矩阵：
[0.3624654313824575, 0.7901780890198167, 0.4942038027835474;
 -0.9179260643935843, 0.3944653643587525, 0.04253018490698066;
 -0.1613398628970358, -0.4690582735165292, 0.868305121881737]
第18幅图像的平移向量：
[0.2899249637663684;
 2.72209430958868;
 0.2194232073355556]
第19幅图像的旋转向量：
[35.19478154437344;
 -45.09819509518014;
 117.5092040185459]
第19幅图像的旋转矩阵：
[0.3624654313824826, 0.7901780890198112, 0.4942038027835378;
 -0.9179260643935737, 0.3944653643587762, 0.04253018490698665;
 -0.1613398628970391, -0.4690582735165184, 0.8683051218817424]
第19幅图像的平移向量：
[0.2899249637663684;
 2.722094309588681;
 0.2194232073355557]
第20幅图像的旋转向量：
[35.19478154437343;
 -45.09819509518012;
 117.5092040185458]
第20幅图像的旋转矩阵：
[0.3624654313824575, 0.7901780890198168, 0.4942038027835474;
 -0.9179260643935842, 0.3944653643587525, 0.04253018490698063;
 -0.1613398628970357, -0.4690582735165291, 0.868305121881737]
第20幅图像的平移向量：
[0.2899249637663683;
 2.72209430958868;
 0.2194232073355555]
第21幅图像的旋转向量：
[35.19478154437343;
 -45.09819509518013;
 117.5092040185458]
第21幅图像的旋转矩阵：
[0.3624654313824575, 0.7901780890198167, 0.4942038027835474;
 -0.9179260643935843, 0.3944653643587525, 0.04253018490698066;
 -0.1613398628970358, -0.4690582735165292, 0.868305121881737]
第21幅图像的平移向量：
[0.2899249637663684;
 2.72209430958868;
 0.2194232073355556]
第22幅图像的旋转向量：
[35.19478154437343;
 -45.09819509518013;
 117.5092040185459]
第22幅图像的旋转矩阵：
[0.3624654313824575, 0.7901780890198168, 0.4942038027835475;
 -0.9179260643935844, 0.3944653643587525, 0.04253018490698066;
 -0.1613398628970358, -0.4690582735165292, 0.8683051218817373]
第22幅图像的平移向量：
[0.2899249637663684;
 2.722094309588681;
 0.2194232073355555]
第23幅图像的旋转向量：
[35.19478154437343;
 -45.09819509518013;
 117.5092040185458]
第23幅图像的旋转矩阵：
[0.3624654313824325, 0.7901780890198223, 0.4942038027835571;
 -0.9179260643935948, 0.3944653643587288, 0.04253018490697461;
 -0.1613398628970323, -0.4690582735165401, 0.8683051218817321]
第23幅图像的平移向量：
[0.2899249637663685;
 2.722094309588681;
 0.2194232073355558]
第24幅图像的旋转向量：
[35.19478154437343;
 -45.09819509518013;
 117.5092040185458]
第24幅图像的旋转矩阵：
[0.3624654313824575, 0.7901780890198167, 0.4942038027835474;
 -0.9179260643935843, 0.3944653643587525, 0.04253018490698066;
 -0.1613398628970358, -0.4690582735165292, 0.868305121881737]
第24幅图像的平移向量：
[0.2899249637663685;
 2.722094309588681;
 0.2194232073355557]
第25幅图像的旋转向量：
[35.19478154437343;
 -45.09819509518013;
 117.5092040185459]
第25幅图像的旋转矩阵：
[0.3624654313824575, 0.7901780890198168, 0.4942038027835475;
 -0.9179260643935844, 0.3944653643587525, 0.04253018490698066;
 -0.1613398628970358, -0.4690582735165292, 0.8683051218817373]
第25幅图像的平移向量：
[0.2899249637663684;
 2.722094309588681;
 0.2194232073355555]
第26幅图像的旋转向量：
[35.19478154437343;
 -45.09819509518013;
 117.5092040185458]
第26幅图像的旋转矩阵：
[0.3624654313824575, 0.7901780890198167, 0.4942038027835474;
 -0.9179260643935843, 0.3944653643587525, 0.0425301849069806;
 -0.1613398628970358, -0.4690582735165292, 0.868305121881737]
第26幅图像的平移向量：
[0.2899249637663684;
 2.722094309588681;
 0.2194232073355556]
第27幅图像的旋转向量：
[35.19478154437343;
 -45.09819509518013;
 117.5092040185458]
第27幅图像的旋转矩阵：
[0.3624654313824575, 0.7901780890198167, 0.4942038027835474;
 -0.9179260643935843, 0.3944653643587525, 0.0425301849069806;
 -0.1613398628970358, -0.4690582735165292, 0.868305121881737]
第27幅图像的平移向量：
[0.2899249637663685;
 2.722094309588681;
 0.2194232073355554]
第28幅图像的旋转向量：
[35.19478154437343;
 -45.09819509518013;
 117.5092040185458]
第28幅图像的旋转矩阵：
[0.3624654313824575, 0.7901780890198167, 0.4942038027835474;
 -0.9179260643935843, 0.3944653643587525, 0.04253018490698066;
 -0.1613398628970358, -0.4690582735165292, 0.868305121881737]
第28幅图像的平移向量：
[0.2899249637663684;
 2.722094309588681;
 0.2194232073355557]
第29幅图像的旋转向量：
[35.19478154437343;
 -45.09819509518013;
 117.5092040185459]
第29幅图像的旋转矩阵：
[0.3624654313824575, 0.7901780890198168, 0.4942038027835475;
 -0.9179260643935844, 0.3944653643587525, 0.04253018490698066;
 -0.1613398628970358, -0.4690582735165292, 0.8683051218817373]
第29幅图像的平移向量：
[0.2899249637663684;
 2.722094309588681;
 0.2194232073355555]
第30幅图像的旋转向量：
[35.19478154437343;
 -45.09819509518013;
 117.5092040185458]
第30幅图像的旋转矩阵：
[0.3624654313824575, 0.7901780890198167, 0.4942038027835474;
 -0.9179260643935843, 0.3944653643587525, 0.04253018490698066;
 -0.1613398628970358, -0.4690582735165292, 0.868305121881737]
第30幅图像的平移向量：
[0.2899249637663684;
 2.722094309588681;
 0.2194232073355555]
第31幅图像的旋转向量：
[35.19478154437343;
 -45.09819509518013;
 117.5092040185458]
第31幅图像的旋转矩阵：
[0.3624654313824575, 0.7901780890198167, 0.4942038027835474;
 -0.9179260643935843, 0.3944653643587525, 0.04253018490698066;
 -0.1613398628970358, -0.4690582735165292, 0.868305121881737]
第31幅图像的平移向量：
[0.2899249637663685;
 2.722094309588681;
 0.2194232073355556]
第32幅图像的旋转向量：
[35.19478154437343;
 -45.09819509518014;
 117.5092040185459]
第32幅图像的旋转矩阵：
[0.3624654313824826, 0.7901780890198112, 0.4942038027835377;
 -0.9179260643935737, 0.3944653643587762, 0.0425301849069866;
 -0.1613398628970391, -0.4690582735165184, 0.8683051218817424]
第32幅图像的平移向量：
[0.2899249637663684;
 2.722094309588681;
 0.2194232073355555]
第33幅图像的旋转向量：
[35.19478154437343;
 -45.09819509518013;
 117.5092040185458]
第33幅图像的旋转矩阵：
[0.3624654313824325, 0.7901780890198223, 0.4942038027835571;
 -0.9179260643935948, 0.3944653643587288, 0.04253018490697461;
 -0.1613398628970323, -0.4690582735165401, 0.8683051218817321]
第33幅图像的平移向量：
[0.2899249637663685;
 2.722094309588681;
 0.2194232073355557]
第34幅图像的旋转向量：
[35.19478154437343;
 -45.09819509518013;
 117.5092040185459]
第34幅图像的旋转矩阵：
[0.3624654313824575, 0.7901780890198168, 0.4942038027835475;
 -0.9179260643935844, 0.3944653643587525, 0.04253018490698066;
 -0.1613398628970358, -0.4690582735165292, 0.8683051218817373]
第34幅图像的平移向量：
[0.2899249637663684;
 2.722094309588681;
 0.2194232073355555]
第35幅图像的旋转向量：
[35.19478154437343;
 -45.09819509518014;
 117.5092040185459]
第35幅图像的旋转矩阵：
[0.3624654313824826, 0.7901780890198112, 0.4942038027835377;
 -0.9179260643935737, 0.3944653643587762, 0.0425301849069866;
 -0.1613398628970391, -0.4690582735165184, 0.8683051218817424]
第35幅图像的平移向量：
[0.2899249637663684;
 2.722094309588681;
 0.2194232073355556]
第36幅图像的旋转向量：
[35.19478154437343;
 -45.09819509518013;
 117.5092040185458]
第36幅图像的旋转矩阵：
[0.3624654313824575, 0.7901780890198167, 0.4942038027835474;
 -0.9179260643935843, 0.3944653643587525, 0.0425301849069806;
 -0.1613398628970358, -0.4690582735165292, 0.868305121881737]
第36幅图像的平移向量：
[0.2899249637663684;
 2.72209430958868;
 0.2194232073355556]
第37幅图像的旋转向量：
[35.19478154437343;
 -45.09819509518013;
 117.5092040185458]
第37幅图像的旋转矩阵：
[0.3624654313824575, 0.7901780890198167, 0.4942038027835474;
 -0.9179260643935843, 0.3944653643587525, 0.04253018490698066;
 -0.1613398628970358, -0.4690582735165292, 0.868305121881737]
第37幅图像的平移向量：
[0.2899249637663683;
 2.72209430958868;
 0.2194232073355554]
第38幅图像的旋转向量：
[35.19478154437343;
 -45.09819509518013;
 117.5092040185458]
第38幅图像的旋转矩阵：
[0.3624654313824575, 0.7901780890198167, 0.4942038027835474;
 -0.9179260643935843, 0.3944653643587525, 0.04253018490698066;
 -0.1613398628970358, -0.4690582735165292, 0.868305121881737]
第38幅图像的平移向量：
[0.2899249637663684;
 2.722094309588681;
 0.2194232073355555]
第39幅图像的旋转向量：
[35.19478154437343;
 -45.09819509518013;
 117.5092040185458]
第39幅图像的旋转矩阵：
[0.3624654313824575, 0.7901780890198167, 0.4942038027835474;
 -0.9179260643935843, 0.3944653643587525, 0.04253018490698066;
 -0.1613398628970358, -0.4690582735165292, 0.868305121881737]
第39幅图像的平移向量：
[0.2899249637663684;
 2.722094309588681;
 0.2194232073355555]
