相机内参数矩阵：
[574.0589824378732, 0, 298.9036721886442;
 0, 545.7913121452489, 242.3765748233071;
 0, 0, 1]
畸变系数：
[0.04101843421181424, -0.2178066303678587, -0.00808252174212038, 0.0002178813322039157, 0.1371451552849679]
第1幅图像的旋转向量：
[26.90020409855572;
 -45.02683944256469;
 129.2389872206654]
第1幅图像的旋转矩阵：
[0.3438633106527858, -0.9207707593761326, -0.1842260357951774;
 0.8359092958492452, 0.3895366631370527, -0.3866740710014951;
 0.4278009732337279, -0.02103322966048007, 0.9036282037156236]
第1幅图像的平移向量：
[0.2789354624237508;
 2.678898691130124;
 0.2403233022908578]
第2幅图像的旋转向量：
[26.90020409855571;
 -45.02683944256469;
 129.2389872206654]
第2幅图像的旋转矩阵：
[0.3438633106527857, -0.9207707593761326, -0.1842260357951775;
 0.8359092958492452, 0.3895366631370527, -0.3866740710014951;
 0.4278009732337279, -0.02103322966048013, 0.9036282037156236]
第2幅图像的平移向量：
[0.2789354624237508;
 2.678898691130125;
 0.2403233022908576]
第3幅图像的旋转向量：
[26.90020409855571;
 -45.02683944256468;
 129.2389872206654]
第3幅图像的旋转矩阵：
[0.3438633106527857, -0.9207707593761325, -0.1842260357951774;
 0.8359092958492453, 0.3895366631370527, -0.3866740710014951;
 0.4278009732337278, -0.02103322966048007, 0.9036282037156236]
第3幅图像的平移向量：
[0.2789354624237507;
 2.678898691130124;
 0.2403233022908573]
第4幅图像的旋转向量：
[26.90020409855571;
 -45.02683944256469;
 129.2389872206654]
第4幅图像的旋转矩阵：
[0.3438633106527857, -0.9207707593761326, -0.1842260357951774;
 0.8359092958492452, 0.3895366631370527, -0.3866740710014951;
 0.4278009732337279, -0.0210332296604801, 0.9036282037156236]
第4幅图像的平移向量：
[0.2789354624237507;
 2.678898691130125;
 0.2403233022908577]
第5幅图像的旋转向量：
[26.90020409855571;
 -45.02683944256469;
 129.2389872206654]
第5幅图像的旋转矩阵：
[0.3438633106527857, -0.9207707593761326, -0.1842260357951775;
 0.8359092958492452, 0.3895366631370527, -0.3866740710014951;
 0.4278009732337279, -0.02103322966048013, 0.9036282037156236]
第5幅图像的平移向量：
[0.2789354624237508;
 2.678898691130125;
 0.2403233022908576]
第6幅图像的旋转向量：
[26.90020409855571;
 -45.02683944256468;
 129.2389872206654]
第6幅图像的旋转矩阵：
[0.3438633106527857, -0.9207707593761325, -0.1842260357951774;
 0.8359092958492453, 0.3895366631370527, -0.3866740710014951;
 0.4278009732337278, -0.02103322966048007, 0.9036282037156236]
第6幅图像的平移向量：
[0.2789354624237507;
 2.678898691130124;
 0.2403233022908574]
第7幅图像的旋转向量：
[26.90020409855571;
 -45.02683944256469;
 129.2389872206654]
第7幅图像的旋转矩阵：
[0.3438633106527857, -0.9207707593761326, -0.1842260357951775;
 0.8359092958492452, 0.3895366631370527, -0.3866740710014951;
 0.4278009732337279, -0.02103322966048013, 0.9036282037156236]
第7幅图像的平移向量：
[0.2789354624237508;
 2.678898691130125;
 0.2403233022908577]
第8幅图像的旋转向量：
[26.90020409855571;
 -45.02683944256468;
 129.2389872206654]
第8幅图像的旋转矩阵：
[0.3438633106527857, -0.9207707593761325, -0.1842260357951774;
 0.8359092958492453, 0.3895366631370527, -0.3866740710014951;
 0.4278009732337278, -0.02103322966048007, 0.9036282037156236]
第8幅图像的平移向量：
[0.2789354624237506;
 2.678898691130124;
 0.2403233022908571]
第9幅图像的旋转向量：
[26.90020409855571;
 -45.02683944256468;
 129.2389872206654]
第9幅图像的旋转矩阵：
[0.3438633106527857, -0.9207707593761325, -0.1842260357951774;
 0.8359092958492453, 0.3895366631370527, -0.3866740710014951;
 0.4278009732337278, -0.02103322966048007, 0.9036282037156236]
第9幅图像的平移向量：
[0.2789354624237507;
 2.678898691130124;
 0.2403233022908573]
第10幅图像的旋转向量：
[26.90020409855572;
 -45.02683944256469;
 129.2389872206654]
第10幅图像的旋转矩阵：
[0.3438633106527858, -0.9207707593761326, -0.1842260357951774;
 0.8359092958492452, 0.3895366631370527, -0.3866740710014952;
 0.427800973233728, -0.0210332296604801, 0.9036282037156236]
第10幅图像的平移向量：
[0.2789354624237508;
 2.678898691130125;
 0.2403233022908579]
第11幅图像的旋转向量：
[26.90020409855571;
 -45.02683944256469;
 129.2389872206654]
第11幅图像的旋转矩阵：
[0.3438633106528117, -0.9207707593761225, -0.1842260357951793;
 0.8359092958492385, 0.3895366631370769, -0.3866740710014854;
 0.4278009732337202, -0.02103322966047383, 0.9036282037156275]
第11幅图像的平移向量：
[0.2789354624237509;
 2.678898691130124;
 0.2403233022908583]
第12幅图像的旋转向量：
[26.90020409855572;
 -45.02683944256469;
 129.2389872206654]
第12幅图像的旋转矩阵：
[0.3438633106527858, -0.9207707593761326, -0.1842260357951774;
 0.8359092958492452, 0.3895366631370527, -0.3866740710014952;
 0.427800973233728, -0.0210332296604801, 0.9036282037156236]
第12幅图像的平移向量：
[0.2789354624237508;
 2.678898691130125;
 0.2403233022908576]
第13幅图像的旋转向量：
[26.90020409855571;
 -45.02683944256468;
 129.2389872206654]
第13幅图像的旋转矩阵：
[0.3438633106527857, -0.9207707593761325, -0.1842260357951774;
 0.8359092958492453, 0.3895366631370527, -0.3866740710014951;
 0.4278009732337278, -0.02103322966048007, 0.9036282037156236]
第13幅图像的平移向量：
[0.2789354624237507;
 2.678898691130124;
 0.2403233022908573]
第14幅图像的旋转向量：
[26.90020409855571;
 -45.02683944256468;
 129.2389872206654]
第14幅图像的旋转矩阵：
[0.3438633106528116, -0.9207707593761225, -0.1842260357951792;
 0.8359092958492385, 0.3895366631370769, -0.3866740710014853;
 0.4278009732337201, -0.0210332296604738, 0.9036282037156275]
第14幅图像的平移向量：
[0.2789354624237507;
 2.678898691130124;
 0.2403233022908574]
第15幅图像的旋转向量：
[26.90020409855571;
 -45.02683944256468;
 129.2389872206654]
第15幅图像的旋转矩阵：
[0.3438633106527857, -0.9207707593761325, -0.1842260357951774;
 0.8359092958492453, 0.3895366631370527, -0.3866740710014951;
 0.4278009732337278, -0.02103322966048007, 0.9036282037156236]
第15幅图像的平移向量：
[0.2789354624237507;
 2.678898691130124;
 0.2403233022908574]
第16幅图像的旋转向量：
[26.90020409855572;
 -45.02683944256469;
 129.2389872206654]
第16幅图像的旋转矩阵：
[0.3438633106527598, -0.9207707593761426, -0.1842260357951754;
 0.8359092958492519, 0.3895366631370286, -0.3866740710015049;
 0.4278009732337356, -0.02103322966048643, 0.9036282037156199]
第16幅图像的平移向量：
[0.2789354624237508;
 2.678898691130125;
 0.2403233022908575]
第17幅图像的旋转向量：
[26.90020409855572;
 -45.02683944256469;
 129.2389872206654]
第17幅图像的旋转矩阵：
[0.3438633106527858, -0.9207707593761326, -0.1842260357951774;
 0.8359092958492452, 0.3895366631370527, -0.3866740710014952;
 0.427800973233728, -0.0210332296604801, 0.9036282037156236]
第17幅图像的平移向量：
[0.2789354624237507;
 2.678898691130124;
 0.2403233022908576]
第18幅图像的旋转向量：
[26.90020409855571;
 -45.02683944256468;
 129.2389872206654]
第18幅图像的旋转矩阵：
[0.3438633106527857, -0.9207707593761325, -0.1842260357951774;
 0.8359092958492453, 0.3895366631370527, -0.3866740710014951;
 0.4278009732337278, -0.02103322966048007, 0.9036282037156236]
第18幅图像的平移向量：
[0.2789354624237507;
 2.678898691130124;
 0.2403233022908572]
第19幅图像的旋转向量：
[26.90020409855571;
 -45.02683944256468;
 129.2389872206654]
第19幅图像的旋转矩阵：
[0.3438633106527857, -0.9207707593761325, -0.1842260357951774;
 0.8359092958492453, 0.3895366631370527, -0.3866740710014951;
 0.4278009732337278, -0.02103322966048007, 0.9036282037156236]
第19幅图像的平移向量：
[0.2789354624237507;
 2.678898691130124;
 0.2403233022908575]
第20幅图像的旋转向量：
[26.90020409855571;
 -45.02683944256468;
 129.2389872206654]
第20幅图像的旋转矩阵：
[0.3438633106527857, -0.9207707593761325, -0.1842260357951774;
 0.8359092958492453, 0.3895366631370527, -0.3866740710014951;
 0.4278009732337278, -0.02103322966048007, 0.9036282037156236]
第20幅图像的平移向量：
[0.2789354624237507;
 2.678898691130124;
 0.2403233022908572]
第21幅图像的旋转向量：
[26.90020409855571;
 -45.02683944256468;
 129.2389872206654]
第21幅图像的旋转矩阵：
[0.3438633106527857, -0.9207707593761325, -0.1842260357951774;
 0.8359092958492453, 0.3895366631370527, -0.3866740710014951;
 0.4278009732337278, -0.02103322966048007, 0.9036282037156236]
第21幅图像的平移向量：
[0.2789354624237507;
 2.678898691130124;
 0.2403233022908576]
第22幅图像的旋转向量：
[26.90020409855571;
 -45.02683944256468;
 129.2389872206654]
第22幅图像的旋转矩阵：
[0.3438633106527857, -0.9207707593761325, -0.1842260357951774;
 0.8359092958492453, 0.3895366631370527, -0.3866740710014951;
 0.4278009732337278, -0.02103322966048007, 0.9036282037156236]
第22幅图像的平移向量：
[0.2789354624237507;
 2.678898691130124;
 0.2403233022908572]
第23幅图像的旋转向量：
[26.90020409855571;
 -45.02683944256468;
 129.2389872206654]
第23幅图像的旋转矩阵：
[0.3438633106527857, -0.9207707593761325, -0.1842260357951774;
 0.8359092958492453, 0.3895366631370527, -0.3866740710014951;
 0.4278009732337278, -0.02103322966048007, 0.9036282037156236]
第23幅图像的平移向量：
[0.2789354624237507;
 2.678898691130124;
 0.2403233022908572]
第24幅图像的旋转向量：
[26.90020409855571;
 -45.02683944256469;
 129.2389872206654]
第24幅图像的旋转矩阵：
[0.3438633106527857, -0.9207707593761326, -0.1842260357951774;
 0.8359092958492452, 0.3895366631370527, -0.3866740710014951;
 0.4278009732337279, -0.0210332296604801, 0.9036282037156236]
第24幅图像的平移向量：
[0.2789354624237508;
 2.678898691130125;
 0.2403233022908578]
第25幅图像的旋转向量：
[26.90020409855571;
 -45.02683944256468;
 129.2389872206654]
第25幅图像的旋转矩阵：
[0.3438633106527857, -0.9207707593761325, -0.1842260357951774;
 0.8359092958492453, 0.3895366631370527, -0.3866740710014951;
 0.4278009732337278, -0.02103322966048007, 0.9036282037156236]
第25幅图像的平移向量：
[0.2789354624237507;
 2.678898691130124;
 0.2403233022908573]
第26幅图像的旋转向量：
[26.90020409855571;
 -45.02683944256468;
 129.2389872206654]
第26幅图像的旋转矩阵：
[0.3438633106527857, -0.9207707593761325, -0.1842260357951774;
 0.8359092958492453, 0.3895366631370527, -0.3866740710014951;
 0.4278009732337278, -0.02103322966048007, 0.9036282037156236]
第26幅图像的平移向量：
[0.2789354624237507;
 2.678898691130124;
 0.2403233022908572]
第27幅图像的旋转向量：
[26.90020409855571;
 -45.02683944256468;
 129.2389872206654]
第27幅图像的旋转矩阵：
[0.3438633106527857, -0.9207707593761325, -0.1842260357951774;
 0.8359092958492453, 0.3895366631370527, -0.3866740710014951;
 0.4278009732337278, -0.02103322966048007, 0.9036282037156236]
第27幅图像的平移向量：
[0.2789354624237507;
 2.678898691130124;
 0.2403233022908574]
第28幅图像的旋转向量：
[26.90020409855571;
 -45.02683944256468;
 129.2389872206654]
第28幅图像的旋转矩阵：
[0.3438633106527857, -0.9207707593761325, -0.1842260357951774;
 0.8359092958492453, 0.3895366631370527, -0.3866740710014951;
 0.4278009732337278, -0.02103322966048007, 0.9036282037156236]
第28幅图像的平移向量：
[0.2789354624237507;
 2.678898691130124;
 0.2403233022908574]
第29幅图像的旋转向量：
[26.90020409855571;
 -45.02683944256468;
 129.2389872206654]
第29幅图像的旋转矩阵：
[0.3438633106527857, -0.9207707593761325, -0.1842260357951774;
 0.8359092958492453, 0.3895366631370527, -0.3866740710014951;
 0.4278009732337278, -0.02103322966048007, 0.9036282037156236]
第29幅图像的平移向量：
[0.2789354624237507;
 2.678898691130124;
 0.2403233022908574]
第30幅图像的旋转向量：
[26.90020409855571;
 -45.02683944256469;
 129.2389872206654]
第30幅图像的旋转矩阵：
[0.3438633106527857, -0.9207707593761326, -0.1842260357951775;
 0.8359092958492452, 0.3895366631370527, -0.3866740710014951;
 0.4278009732337279, -0.02103322966048013, 0.9036282037156236]
第30幅图像的平移向量：
[0.2789354624237508;
 2.678898691130125;
 0.2403233022908578]
第31幅图像的旋转向量：
[26.90020409855571;
 -45.02683944256468;
 129.2389872206654]
第31幅图像的旋转矩阵：
[0.3438633106527857, -0.9207707593761325, -0.1842260357951774;
 0.8359092958492453, 0.3895366631370527, -0.3866740710014951;
 0.4278009732337278, -0.02103322966048007, 0.9036282037156236]
第31幅图像的平移向量：
[0.2789354624237507;
 2.678898691130124;
 0.2403233022908572]
第32幅图像的旋转向量：
[26.90020409855572;
 -45.02683944256469;
 129.2389872206654]
第32幅图像的旋转矩阵：
[0.3438633106527858, -0.9207707593761326, -0.1842260357951774;
 0.8359092958492452, 0.3895366631370527, -0.3866740710014952;
 0.427800973233728, -0.0210332296604801, 0.9036282037156236]
第32幅图像的平移向量：
[0.2789354624237507;
 2.678898691130125;
 0.2403233022908576]
第33幅图像的旋转向量：
[26.90020409855571;
 -45.02683944256468;
 129.2389872206654]
第33幅图像的旋转矩阵：
[0.3438633106528117, -0.9207707593761225, -0.1842260357951792;
 0.8359092958492385, 0.3895366631370769, -0.3866740710014853;
 0.4278009732337202, -0.02103322966047377, 0.9036282037156275]
第33幅图像的平移向量：
[0.2789354624237507;
 2.678898691130124;
 0.2403233022908576]
第34幅图像的旋转向量：
[26.90020409855571;
 -45.02683944256468;
 129.2389872206654]
第34幅图像的旋转矩阵：
[0.3438633106527857, -0.9207707593761325, -0.1842260357951774;
 0.8359092958492453, 0.3895366631370527, -0.3866740710014951;
 0.4278009732337278, -0.02103322966048007, 0.9036282037156236]
第34幅图像的平移向量：
[0.2789354624237507;
 2.678898691130124;
 0.2403233022908573]
第35幅图像的旋转向量：
[26.90020409855571;
 -45.02683944256468;
 129.2389872206654]
第35幅图像的旋转矩阵：
[0.3438633106527857, -0.9207707593761325, -0.1842260357951774;
 0.8359092958492453, 0.3895366631370527, -0.3866740710014951;
 0.4278009732337278, -0.02103322966048007, 0.9036282037156236]
第35幅图像的平移向量：
[0.2789354624237507;
 2.678898691130124;
 0.2403233022908573]
第36幅图像的旋转向量：
[26.90020409855571;
 -45.02683944256468;
 129.2389872206654]
第36幅图像的旋转矩阵：
[0.3438633106527857, -0.9207707593761325, -0.1842260357951774;
 0.8359092958492453, 0.3895366631370527, -0.3866740710014951;
 0.4278009732337278, -0.02103322966048007, 0.9036282037156236]
第36幅图像的平移向量：
[0.2789354624237507;
 2.678898691130124;
 0.2403233022908575]
第37幅图像的旋转向量：
[26.90020409855571;
 -45.02683944256468;
 129.2389872206654]
第37幅图像的旋转矩阵：
[0.3438633106527857, -0.9207707593761325, -0.1842260357951774;
 0.8359092958492453, 0.3895366631370527, -0.3866740710014951;
 0.4278009732337278, -0.02103322966048007, 0.9036282037156236]
第37幅图像的平移向量：
[0.2789354624237507;
 2.678898691130124;
 0.2403233022908573]
第38幅图像的旋转向量：
[26.90020409855571;
 -45.02683944256468;
 129.2389872206654]
第38幅图像的旋转矩阵：
[0.3438633106527857, -0.9207707593761325, -0.1842260357951774;
 0.8359092958492453, 0.3895366631370527, -0.3866740710014951;
 0.4278009732337278, -0.02103322966048007, 0.9036282037156236]
第38幅图像的平移向量：
[0.2789354624237507;
 2.678898691130124;
 0.2403233022908572]
第39幅图像的旋转向量：
[26.90020409855571;
 -45.02683944256468;
 129.2389872206654]
第39幅图像的旋转矩阵：
[0.3438633106527857, -0.9207707593761325, -0.1842260357951774;
 0.8359092958492453, 0.3895366631370527, -0.3866740710014951;
 0.4278009732337278, -0.02103322966048007, 0.9036282037156236]
第39幅图像的平移向量：
[0.2789354624237507;
 2.678898691130124;
 0.2403233022908573]
