相机内参数矩阵：
[526.5465883785926, 0, 258.9493363330698;
  0, 493.6178529709345, 242.4601067464716;
  0, 0, 1]
畸变系数：
[0.06066488356315027, -0.342562766746533, -0.007066977527507955, -0.0004420446533612473, 0.5968289658276317]
第1幅图像的旋转向量：
[35.39203177401647;
  -45.08798101341089;
  117.1722063375421]
第1幅图像的旋转矩阵：
[0.1336789487157924, 0.8086821693009923, 0.5728552065966422;
  -0.9840931923170072, 0.1765672625262803, -0.01961098261937366;
  -0.117006527619455, -0.5611213334552668, 0.8194219435893947]
第1幅图像的平移向量：
[0.2901780580848697;
  2.723338912737298;
  0.2188198417718578]
第2幅图像的旋转向量：
[35.39203177401647;
  -45.0879810134109;
  117.1722063375421]
第2幅图像的旋转矩阵：
[0.1336789487158187, 0.8086821693009932, 0.5728552065966346;
  -0.9840931923170028, 0.1765672625263053, -0.01961098261936539;
  -0.1170065276194614, -0.5611213334552574, 0.8194219435893999]
第2幅图像的平移向量：
[0.2901780580848698;
  2.723338912737298;
  0.2188198417718578]
第3幅图像的旋转向量：
[35.39203177401646;
  -45.0879810134109;
  117.1722063375421]
第3幅图像的旋转矩阵：
[0.1336789487157924, 0.8086821693009923, 0.5728552065966422;
  -0.9840931923170072, 0.1765672625262804, -0.01961098261937377;
  -0.1170065276194552, -0.5611213334552668, 0.8194219435893947]
第3幅图像的平移向量：
[0.2901780580848698;
  2.723338912737298;
  0.2188198417718578]
第4幅图像的旋转向量：
[35.39203177401647;
  -45.0879810134109;
  117.1722063375421]
第4幅图像的旋转矩阵：
[0.1336789487158187, 0.8086821693009932, 0.5728552065966346;
  -0.9840931923170028, 0.1765672625263053, -0.01961098261936539;
  -0.1170065276194614, -0.5611213334552574, 0.8194219435893999]
第4幅图像的平移向量：
[0.2901780580848698;
  2.723338912737298;
  0.2188198417718578]
第5幅图像的旋转向量：
[35.39203177401647;
  -45.08798101341089;
  117.1722063375421]
第5幅图像的旋转矩阵：
[0.1336789487158187, 0.8086821693009932, 0.5728552065966346;
  -0.9840931923170028, 0.1765672625263053, -0.01961098261936534;
  -0.1170065276194613, -0.5611213334552574, 0.8194219435893999]
第5幅图像的平移向量：
[0.2901780580848698;
  2.723338912737298;
  0.2188198417718578]
第6幅图像的旋转向量：
[35.39203177401646;
  -45.0879810134109;
  117.1722063375421]
第6幅图像的旋转矩阵：
[0.1336789487158187, 0.8086821693009932, 0.5728552065966346;
  -0.9840931923170028, 0.1765672625263053, -0.01961098261936545;
  -0.1170065276194614, -0.5611213334552574, 0.8194219435893999]
第6幅图像的平移向量：
[0.2901780580848698;
  2.723338912737298;
  0.2188198417718576]
第7幅图像的旋转向量：
[35.39203177401647;
  -45.0879810134109;
  117.1722063375421]
第7幅图像的旋转矩阵：
[0.1336789487158187, 0.8086821693009932, 0.5728552065966346;
  -0.9840931923170028, 0.1765672625263053, -0.01961098261936539;
  -0.1170065276194614, -0.5611213334552574, 0.8194219435893999]
第7幅图像的平移向量：
[0.2901780580848697;
  2.723338912737298;
  0.2188198417718577]
第8幅图像的旋转向量：
[35.39203177401647;
  -45.08798101341089;
  117.1722063375421]
第8幅图像的旋转矩阵：
[0.1336789487157924, 0.8086821693009923, 0.5728552065966422;
  -0.9840931923170072, 0.1765672625262803, -0.01961098261937366;
  -0.117006527619455, -0.5611213334552668, 0.8194219435893947]
第8幅图像的平移向量：
[0.2901780580848698;
  2.723338912737298;
  0.2188198417718576]
第9幅图像的旋转向量：
[35.39203177401647;
  -45.0879810134109;
  117.1722063375421]
第9幅图像的旋转矩阵：
[0.1336789487158187, 0.8086821693009932, 0.5728552065966346;
  -0.9840931923170028, 0.1765672625263053, -0.01961098261936539;
  -0.1170065276194614, -0.5611213334552574, 0.8194219435893999]
第9幅图像的平移向量：
[0.2901780580848697;
  2.723338912737298;
  0.2188198417718576]
第10幅图像的旋转向量：
[35.39203177401646;
  -45.08798101341089;
  117.1722063375421]
第10幅图像的旋转矩阵：
[0.1336789487157924, 0.8086821693009923, 0.5728552065966422;
  -0.9840931923170072, 0.1765672625262803, -0.01961098261937372;
  -0.1170065276194551, -0.5611213334552667, 0.8194219435893947]
第10幅图像的平移向量：
[0.2901780580848698;
  2.723338912737298;
  0.2188198417718578]
第11幅图像的旋转向量：
[35.39203177401647;
  -45.08798101341089;
  117.1722063375421]
第11幅图像的旋转矩阵：
[0.1336789487158187, 0.8086821693009932, 0.5728552065966346;
  -0.9840931923170028, 0.1765672625263053, -0.01961098261936534;
  -0.1170065276194613, -0.5611213334552574, 0.8194219435893999]
第11幅图像的平移向量：
[0.2901780580848697;
  2.723338912737298;
  0.2188198417718578]
第12幅图像的旋转向量：
[35.39203177401647;
  -45.0879810134109;
  117.1722063375421]
第12幅图像的旋转矩阵：
[0.1336789487158187, 0.8086821693009932, 0.5728552065966346;
  -0.9840931923170028, 0.1765672625263053, -0.01961098261936539;
  -0.1170065276194614, -0.5611213334552574, 0.8194219435893999]
第12幅图像的平移向量：
[0.2901780580848697;
  2.723338912737298;
  0.2188198417718577]
第13幅图像的旋转向量：
[35.39203177401646;
  -45.0879810134109;
  117.1722063375421]
第13幅图像的旋转矩阵：
[0.1336789487157924, 0.8086821693009923, 0.5728552065966422;
  -0.9840931923170072, 0.1765672625262804, -0.01961098261937377;
  -0.1170065276194552, -0.5611213334552668, 0.8194219435893947]
第13幅图像的平移向量：
[0.2901780580848698;
  2.723338912737298;
  0.2188198417718578]
第14幅图像的旋转向量：
[35.39203177401647;
  -45.0879810134109;
  117.1722063375421]
第14幅图像的旋转矩阵：
[0.1336789487158187, 0.8086821693009932, 0.5728552065966346;
  -0.9840931923170028, 0.1765672625263053, -0.01961098261936539;
  -0.1170065276194614, -0.5611213334552574, 0.8194219435893999]
第14幅图像的平移向量：
[0.2901780580848697;
  2.723338912737298;
  0.2188198417718576]
第15幅图像的旋转向量：
[35.39203177401646;
  -45.08798101341088;
  117.1722063375421]
第15幅图像的旋转矩阵：
[0.1336789487157924, 0.8086821693009923, 0.5728552065966421;
  -0.9840931923170072, 0.1765672625262803, -0.01961098261937372;
  -0.117006527619455, -0.5611213334552667, 0.8194219435893947]
第15幅图像的平移向量：
[0.2901780580848697;
  2.723338912737298;
  0.2188198417718576]
第16幅图像的旋转向量：
[35.39203177401647;
  -45.0879810134109;
  117.1722063375421]
第16幅图像的旋转矩阵：
[0.1336789487158187, 0.8086821693009932, 0.5728552065966346;
  -0.9840931923170028, 0.1765672625263053, -0.01961098261936539;
  -0.1170065276194614, -0.5611213334552574, 0.8194219435893999]
第16幅图像的平移向量：
[0.2901780580848698;
  2.723338912737298;
  0.2188198417718577]
第17幅图像的旋转向量：
[35.39203177401647;
  -45.0879810134109;
  117.1722063375421]
第17幅图像的旋转矩阵：
[0.1336789487158187, 0.8086821693009932, 0.5728552065966346;
  -0.9840931923170028, 0.1765672625263053, -0.01961098261936539;
  -0.1170065276194614, -0.5611213334552574, 0.8194219435893999]
第17幅图像的平移向量：
[0.2901780580848697;
  2.723338912737298;
  0.2188198417718578]
第18幅图像的旋转向量：
[35.39203177401646;
  -45.08798101341088;
  117.1722063375421]
第18幅图像的旋转矩阵：
[0.1336789487157924, 0.8086821693009923, 0.5728552065966421;
  -0.9840931923170072, 0.1765672625262803, -0.01961098261937372;
  -0.117006527619455, -0.5611213334552667, 0.8194219435893947]
第18幅图像的平移向量：
[0.2901780580848697;
  2.723338912737297;
  0.2188198417718576]
第19幅图像的旋转向量：
[35.39203177401647;
  -45.08798101341089;
  117.1722063375421]
第19幅图像的旋转矩阵：
[0.1336789487158187, 0.8086821693009932, 0.5728552065966346;
  -0.9840931923170028, 0.1765672625263053, -0.01961098261936534;
  -0.1170065276194613, -0.5611213334552574, 0.8194219435893999]
第19幅图像的平移向量：
[0.2901780580848697;
  2.723338912737298;
  0.2188198417718575]
第20幅图像的旋转向量：
[35.39203177401647;
  -45.0879810134109;
  117.1722063375421]
第20幅图像的旋转矩阵：
[0.1336789487158187, 0.8086821693009932, 0.5728552065966346;
  -0.9840931923170028, 0.1765672625263053, -0.01961098261936539;
  -0.1170065276194614, -0.5611213334552574, 0.8194219435893999]
第20幅图像的平移向量：
[0.2901780580848697;
  2.723338912737298;
  0.2188198417718576]
第21幅图像的旋转向量：
[35.39203177401647;
  -45.0879810134109;
  117.1722063375421]
第21幅图像的旋转矩阵：
[0.1336789487158187, 0.8086821693009932, 0.5728552065966346;
  -0.9840931923170028, 0.1765672625263053, -0.01961098261936539;
  -0.1170065276194614, -0.5611213334552574, 0.8194219435893999]
第21幅图像的平移向量：
[0.2901780580848697;
  2.723338912737298;
  0.2188198417718578]
第22幅图像的旋转向量：
[35.39203177401647;
  -45.08798101341088;
  117.1722063375421]
第22幅图像的旋转矩阵：
[0.1336789487157924, 0.8086821693009923, 0.5728552065966422;
  -0.9840931923170072, 0.1765672625262803, -0.01961098261937366;
  -0.117006527619455, -0.5611213334552668, 0.8194219435893947]
第22幅图像的平移向量：
[0.2901780580848697;
  2.723338912737298;
  0.2188198417718574]
第23幅图像的旋转向量：
[35.39203177401647;
  -45.0879810134109;
  117.1722063375421]
第23幅图像的旋转矩阵：
[0.1336789487158187, 0.8086821693009932, 0.5728552065966346;
  -0.9840931923170028, 0.1765672625263053, -0.01961098261936539;
  -0.1170065276194614, -0.5611213334552574, 0.8194219435893999]
第23幅图像的平移向量：
[0.2901780580848698;
  2.723338912737298;
  0.2188198417718579]
第24幅图像的旋转向量：
[35.39203177401646;
  -45.0879810134109;
  117.1722063375421]
第24幅图像的旋转矩阵：
[0.1336789487157924, 0.8086821693009923, 0.5728552065966422;
  -0.9840931923170072, 0.1765672625262804, -0.01961098261937377;
  -0.1170065276194552, -0.5611213334552668, 0.8194219435893947]
第24幅图像的平移向量：
[0.2901780580848698;
  2.723338912737298;
  0.2188198417718578]
第25幅图像的旋转向量：
[35.39203177401647;
  -45.0879810134109;
  117.1722063375421]
第25幅图像的旋转矩阵：
[0.1336789487158187, 0.8086821693009932, 0.5728552065966346;
  -0.9840931923170028, 0.1765672625263053, -0.01961098261936539;
  -0.1170065276194614, -0.5611213334552574, 0.8194219435893999]
第25幅图像的平移向量：
[0.2901780580848697;
  2.723338912737298;
  0.2188198417718576]
第26幅图像的旋转向量：
[35.39203177401647;
  -45.08798101341088;
  117.1722063375421]
第26幅图像的旋转矩阵：
[0.1336789487157924, 0.8086821693009923, 0.5728552065966422;
  -0.9840931923170072, 0.1765672625262803, -0.01961098261937366;
  -0.117006527619455, -0.5611213334552668, 0.8194219435893947]
第26幅图像的平移向量：
[0.2901780580848697;
  2.723338912737298;
  0.2188198417718578]
第27幅图像的旋转向量：
[35.39203177401647;
  -45.0879810134109;
  117.1722063375421]
第27幅图像的旋转矩阵：
[0.1336789487158187, 0.8086821693009932, 0.5728552065966346;
  -0.9840931923170028, 0.1765672625263053, -0.01961098261936539;
  -0.1170065276194614, -0.5611213334552574, 0.8194219435893999]
第27幅图像的平移向量：
[0.2901780580848698;
  2.723338912737298;
  0.2188198417718578]
第28幅图像的旋转向量：
[35.39203177401647;
  -45.0879810134109;
  117.1722063375421]
第28幅图像的旋转矩阵：
[0.1336789487158187, 0.8086821693009932, 0.5728552065966346;
  -0.9840931923170028, 0.1765672625263053, -0.01961098261936539;
  -0.1170065276194614, -0.5611213334552574, 0.8194219435893999]
第28幅图像的平移向量：
[0.2901780580848697;
  2.723338912737298;
  0.2188198417718576]
第29幅图像的旋转向量：
[35.39203177401647;
  -45.0879810134109;
  117.1722063375421]
第29幅图像的旋转矩阵：
[0.1336789487158187, 0.8086821693009932, 0.5728552065966346;
  -0.9840931923170028, 0.1765672625263053, -0.01961098261936539;
  -0.1170065276194614, -0.5611213334552574, 0.8194219435893999]
第29幅图像的平移向量：
[0.2901780580848697;
  2.723338912737298;
  0.2188198417718577]
第30幅图像的旋转向量：
[35.39203177401647;
  -45.0879810134109;
  117.1722063375421]
第30幅图像的旋转矩阵：
[0.1336789487158187, 0.8086821693009932, 0.5728552065966346;
  -0.9840931923170028, 0.1765672625263053, -0.01961098261936539;
  -0.1170065276194614, -0.5611213334552574, 0.8194219435893999]
第30幅图像的平移向量：
[0.2901780580848697;
  2.723338912737298;
  0.2188198417718577]
第31幅图像的旋转向量：
[35.39203177401647;
  -45.0879810134109;
  117.1722063375421]
第31幅图像的旋转矩阵：
[0.1336789487157924, 0.8086821693009923, 0.5728552065966424;
  -0.9840931923170072, 0.1765672625262804, -0.01961098261937372;
  -0.1170065276194551, -0.5611213334552669, 0.8194219435893947]
第31幅图像的平移向量：
[0.2901780580848697;
  2.723338912737298;
  0.2188198417718577]
第32幅图像的旋转向量：
[35.39203177401647;
  -45.0879810134109;
  117.1722063375421]
第32幅图像的旋转矩阵：
[0.1336789487158187, 0.8086821693009932, 0.5728552065966346;
  -0.9840931923170028, 0.1765672625263053, -0.01961098261936539;
  -0.1170065276194614, -0.5611213334552574, 0.8194219435893999]
第32幅图像的平移向量：
[0.2901780580848697;
  2.723338912737298;
  0.2188198417718575]
第33幅图像的旋转向量：
[35.39203177401647;
  -45.08798101341089;
  117.1722063375421]
第33幅图像的旋转矩阵：
[0.1336789487157924, 0.8086821693009923, 0.5728552065966422;
  -0.9840931923170072, 0.1765672625262803, -0.01961098261937366;
  -0.117006527619455, -0.5611213334552668, 0.8194219435893947]
第33幅图像的平移向量：
[0.2901780580848697;
  2.723338912737298;
  0.2188198417718576]
第34幅图像的旋转向量：
[35.39203177401647;
  -45.0879810134109;
  117.1722063375421]
第34幅图像的旋转矩阵：
[0.1336789487158187, 0.8086821693009932, 0.5728552065966346;
  -0.9840931923170028, 0.1765672625263053, -0.01961098261936539;
  -0.1170065276194614, -0.5611213334552574, 0.8194219435893999]
第34幅图像的平移向量：
[0.2901780580848697;
  2.723338912737298;
  0.2188198417718576]
第35幅图像的旋转向量：
[35.39203177401647;
  -45.08798101341089;
  117.1722063375421]
第35幅图像的旋转矩阵：
[0.1336789487158187, 0.8086821693009932, 0.5728552065966346;
  -0.9840931923170028, 0.1765672625263053, -0.01961098261936534;
  -0.1170065276194613, -0.5611213334552574, 0.8194219435893999]
第35幅图像的平移向量：
[0.2901780580848696;
  2.723338912737298;
  0.2188198417718575]
第36幅图像的旋转向量：
[35.39203177401647;
  -45.0879810134109;
  117.1722063375421]
第36幅图像的旋转矩阵：
[0.1336789487158187, 0.8086821693009932, 0.5728552065966346;
  -0.9840931923170028, 0.1765672625263053, -0.01961098261936539;
  -0.1170065276194614, -0.5611213334552574, 0.8194219435893999]
第36幅图像的平移向量：
[0.2901780580848698;
  2.723338912737298;
  0.2188198417718577]
第37幅图像的旋转向量：
[35.39203177401646;
  -45.0879810134109;
  117.1722063375421]
第37幅图像的旋转矩阵：
[0.1336789487158187, 0.8086821693009932, 0.5728552065966346;
  -0.9840931923170028, 0.1765672625263053, -0.01961098261936545;
  -0.1170065276194614, -0.5611213334552574, 0.8194219435893999]
第37幅图像的平移向量：
[0.2901780580848697;
  2.723338912737298;
  0.2188198417718577]
第38幅图像的旋转向量：
[35.39203177401647;
  -45.08798101341089;
  117.1722063375421]
第38幅图像的旋转矩阵：
[0.1336789487157924, 0.8086821693009923, 0.5728552065966422;
  -0.9840931923170072, 0.1765672625262803, -0.01961098261937366;
  -0.117006527619455, -0.5611213334552668, 0.8194219435893947]
第38幅图像的平移向量：
[0.2901780580848697;
  2.723338912737298;
  0.2188198417718577]
第39幅图像的旋转向量：
[35.39203177401647;
  -45.08798101341089;
  117.1722063375421]
第39幅图像的旋转矩阵：
[0.1336789487158187, 0.8086821693009932, 0.5728552065966346;
  -0.9840931923170028, 0.1765672625263053, -0.01961098261936534;
  -0.1170065276194613, -0.5611213334552574, 0.8194219435893999]
第39幅图像的平移向量：
[0.2901780580848697;
  2.723338912737298;
  0.2188198417718577]
